 <pre>

 Contingency table for Visibility (m)
 Selection: ALL    719 stations
Period: 20220822-20220915
Used {All hours} + 00 01 ... 09
 Limits    1000.00000       5000.00000       10000.0000       20000.0000    
 Each class is data <= limit, the very last > last limit
 Total number of values     3334339
                                     OBSERVATION
                                   9493     6066     4234     6528     8906 |     35227
                                  21196    35821    50141    87036   108541 |    302735
                    MNWC_prod1     8223    20142    37880    98051   173544 |    337840
                                   5232    17636    46506   179526   550099 |    798999
                                   7892    18572    71158   348998  1412918 |   1859538

                    SUM           52036    98237   209919   720139  2254008 |   3334339
                                     OBSERVATION
                                   8910     4992     3843     6507     8569 |     32821
                                  20573    34770    49234    87120   107289 |    298986
                       MNWC_2h     8778    20956    37434    95151   169003 |    331322
                                   5491    18321    47645   184732   570246 |    826435
                                   8284    19198    71763   346629  1398901 |   1844775

                    SUM           52036    98237   209919   720139  2254008 |   3334339
                                     OBSERVATION
                                   9204     5315     3826     6321     8926 |     33592
                                  20465    34617    48872    85907   107393 |    297254
                       MNWC_3h     8470    20421    36422    92846   165300 |    323459
                                   5732    18146    46672   180978   559453 |    810981
                                   8165    19738    74127   354087  1412936 |   1869053

                    SUM           52036    98237   209919   720139  2254008 |   3334339

