 <pre>

 Contingency table for Cloud cover (octas)
 Selection: ALL    405 stations
Period: 20220822-20220915
Used {All hours} + 01 02 ... 09
 Limits   0.500000000       1.50000000       2.50000000       3.50000000       4.50000000       5.50000000       6.50000000       7.50000000    
 Each class is data <= limit, the very last > last limit
 Total number of values     1308968
                                                       OBSERVATION
                                 116291    27966    21385    13098     8127     8951     8210     9529    12059 |    225616
                                  28860     9137     8629     7426     5354     6516     7210     9699    13728 |     96559
                                  15149     5401     5127     4624     3641     4806     5464     7767    12028 |     64007
                                  11936     4254     4153     3846     3321     4241     5164     7660    12457 |     57032
                    MNWC_prod1    10331     3950     3983     3876     3222     4526     5797     8535    14125 |     58345
                                   9502     3816     3934     3925     3494     4954     6663     9740    16973 |     63001
                                  10466     4289     4223     4339     3998     5775     8325    12805    23159 |     77379
                                  13491     5531     5595     5756     5326     8341    12367    21634    41643 |    119684
                                  23411    12254    10686    12755    11949    20716    36111   101922   317541 |    547345

                    SUM          239437    76598    67715    59645    48432    68826    95311   189291   463713 |   1308968
                                                       OBSERVATION
                                 118559    28929    21458    13541     8429     9158     8312    10025    13330 |    231741
                                  29245     9466     8850     7508     5694     6600     7252    10005    15201 |     99821
                                  15162     5290     5308     4615     3701     4757     5372     8191    13160 |     65556
                                  11661     4207     4391     3938     3177     4399     5156     7869    13379 |     58177
                       MNWC_2h    10115     4040     4062     3855     3371     4587     5724     8778    14970 |     59502
                                   9441     3871     3902     3943     3557     4932     6582    10057    17781 |     64066
                                  10274     4132     4310     4359     3846     5843     8476    13053    24438 |     78731
                                  12763     5412     5459     5880     5440     8561    12534    21970    43725 |    121744
                                  22217    11251     9975    12006    11217    19989    35903    99343   307729 |    529630

                    SUM          239437    76598    67715    59645    48432    68826    95311   189291   463713 |   1308968
                                                       OBSERVATION
                                 121076    29127    21688    13644     8560     9350     8549    10302    13498 |    235794
                                  29041     9524     8942     7539     5626     6808     7124     9917    14935 |     99456
                                  14794     5332     5206     4717     3828     4757     5524     8192    13052 |     65402
                                  11431     4219     4334     3821     3356     4343     5150     7850    13353 |     57857
                       MNWC_3h    10036     4052     4007     3893     3314     4591     5770     8846    14948 |     59457
                                   9238     3764     3905     3911     3510     4929     6629    10257    18361 |     64504
                                   9711     4182     4354     4457     3989     5989     8469    13130    24277 |     78558
                                  12484     5171     5308     5752     5315     8260    12561    21881    44308 |    121040
                                  21626    11227     9971    11911    10934    19799    35535    98916   306981 |    526900

                    SUM          239437    76598    67715    59645    48432    68826    95311   189291   463713 |   1308968

