 <pre>

 Contingency table for 3h Precipitation (mm/3h)
 Selection: ALL    606 stations
Period: 20220822-20220915
Used {All hours} + 03-00 04-01 05-02 06-03 07-04 08-05 09-06
 Limits   0.100000001      0.200000003      0.500000000       1.00000000       2.00000000       5.00000000       10.0000000       15.0000000       20.0000000    
 Each class is data <= limit, the very last > last limit
 Total number of values     2238490
                                                       OBSERVATION
                                1866249    22142    27110    15894    12599    10074     3485      889       22       13 |   1958477
                                  33429     2749     4349     3178     2650     1700      470      109       10        2 |     48646
                                  38151     4215     7437     6345     4958     3382      801      182       21        5 |     65497
                                  22479     3416     7311     7255     6445     4058     1007      243       24        4 |     52242
                    MNWC_prod1    14075     2565     5992     8173    10075     7534     1588      297       37        9 |     50345
                                   8695     1251     2786     4635     8069    12663     4143      727      148       36 |     43153
                                   2543      287      543      717     1411     3876     3999     1132      278       98 |     14884
                                    578       47       93      129      272      587      907      620      241       79 |      3553
                                    180       16       30       44       74      143      212      172       90       52 |      1013
                                    164       17       26       39       76       77      102       74       67       38 |       680

                    SUM         1986543    36705    55677    46409    46629    44094    16714     4445      938      336 |   2238490
                                                       OBSERVATION
                                1861339    22063    27072    16374    12985    10165     3477      846       22       16 |   1954359
                                  33067     2703     4280     3149     2524     1754      416      110        5        3 |     48011
                                  39751     4167     7348     6120     4966     3252      818      193       13        6 |     66634
                                  24319     3426     7179     7189     6471     4192     1092      232       22        6 |     54128
                       MNWC_2h    15791     2689     6121     8036     9860     7795     1812      350       54       10 |     52518
                                   9151     1320     3050     4684     8241    12771     4483      811      164       41 |     44716
                                   2306      277      490      705     1274     3457     3575     1192      307       77 |     13660
                                    526       38       96      107      220      513      745      521      219       80 |      3065
                                    177       13       24       36       60      143      212      147       98       55 |       965
                                    116        9       17        9       28       52       84       43       34       42 |       434

                    SUM         1986543    36705    55677    46409    46629    44094    16714     4445      938      336 |   2238490
                                                       OBSERVATION
                                1865887    22341    27407    16431    13143    10338     3490      858       26       13 |   1959934
                                  32302     2621     4218     3246     2547     1690      381       94        3        2 |     47104
                                  38406     4163     7378     6230     5015     3266      821      193       12        6 |     65490
                                  23289     3415     7081     7235     6530     4164     1022      227       17        5 |     52985
                       MNWC_3h    14924     2496     6059     8020     9930     7763     1794      375       42        8 |     51411
                                   8633     1339     2867     4378     7900    12755     4499      795      175       40 |     43381
                                   2356      265      561      687     1227     3338     3644     1141      276       78 |     13573
                                    507       44       82      117      247      553      790      545      237       87 |      3209
                                    134       14       14       36       61      155      175      158      103       60 |       910
                                    105        7       10       29       29       72       98       59       47       37 |       493

                    SUM         1986543    36705    55677    46409    46629    44094    16714     4445      938      336 |   2238490

