 <pre>

 Contingency table for Rh2m (%)
 Selection: ALL   1058 stations
Period: 20220822-20220915
Used {All hours} + 00 01 ... 09
 Limits    30.0000000       50.0000000       65.0000000       75.0000000       85.0000000       95.0000000       100.000000    
 Each class is data <= limit, the very last > last limit
 Total number of values     5445758
                                              OBSERVATION
                                   6467     8575      151       11        1        1        3        0 |     15209
                                   3601   273061   154823    13479     3634     1189      116        0 |    449903
                                     93    70061   593874   282333    82903    24625     3899        0 |   1057788
                    MNWC_prod1        5     3854   128680   426779   314696   104619    20088        0 |    998721
                                      0      816    22950   157918   498990   360353    83895        0 |   1124922
                                      0       98     4798    32393   201776   640216   328874        0 |   1208155
                                      0        2      394     3340    30326   162174   379401        0 |    575637
                                      0        0        1       62      744     2653    11963        0 |     15423

                    SUM           10166   356467   905671   916315  1133070  1295830   828239        0 |   5445758
                                              OBSERVATION
                                   6454    11182      325       36        4        3        4        0 |     18008
                                   3608   260917   132555    13033     4209     1583      205        0 |    416110
                                     99    79105   594634   259223    78550    25141     4771        0 |   1041523
                       MNWC_2h        5     4227   146675   441080   311309   104119    20938        0 |   1028353
                                      0      893    25469   163384   503996   371792    86677        0 |   1152211
                                      0      139     5442    35520   201774   631935   330943        0 |   1205753
                                      0        4      569     3960    32528   159107   375391        0 |    571559
                                      0        0        2       79      700     2150     9310        0 |     12241

                    SUM           10166   356467   905671   916315  1133070  1295830   828239        0 |   5445758
                                              OBSERVATION
                                   6827    13067      565       47        7        2        4        0 |     20519
                                   3219   265002   147962    15443     5244     2128      272        0 |    439270
                                    117    73441   588892   271683    84582    27236     5434        0 |   1051385
                       MNWC_3h        3     4050   138306   432967   313968   106687    21779        0 |   1017760
                                      0      789    24424   158191   497239   369801    86181        0 |   1136625
                                      0      114     5035    34087   198719   628957   328714        0 |   1195626
                                      0        4      486     3802    32572   158618   376058        0 |    571540
                                      0        0        1       95      739     2401     9797        0 |     13033

                    SUM           10166   356467   905671   916315  1133070  1295830   828239        0 |   5445758

