 <pre>

 Contingency table for 6h Precipitation (mm/6h)
 Selection: ALL    687 stations
Period: 20220822-20220915
Used {All hours} + 06-00 07-01 08-02 09-03
 Limits   0.100000001      0.200000003      0.500000000       1.00000000       2.00000000       5.00000000       10.0000000       20.0000000       35.0000000    
 Each class is data <= limit, the very last > last limit
 Total number of values     1321897
                                                       OBSERVATION
                                1026601    15486    19639    11351     8524     7172     3092     1267       89        3 |   1093224
                                  22972     2062     3248     2317     1954     1397      409      199       11        2 |     34571
                                  26620     2952     5128     4497     3673     2976      817      301       24        1 |     46989
                                  16234     2162     4554     4485     4430     3492      989      286       31        1 |     36664
                    MNWC_prod1    11091     1724     4320     5510     6867     6334     1505      511       61        1 |     37924
                                   7254     1165     2869     4445     8041    13621     4793     1253      133       14 |     43588
                                   2432      291      517      791     1791     5167     5107     2214      265       11 |     18586
                                   1087       98      170      201      402     1095     1916     2856      602       53 |      8480
                                    247       11       40       34       62      136      212      513      346       47 |      1648
                                     45        3       10       10       13       26       21       50       34       11 |       223

                    SUM         1114583    25954    40495    33641    35757    41416    18861     9450     1596      144 |   1321897
                                                       OBSERVATION
                                1024893    15672    19886    11752     8960     7347     3151     1229       64        7 |   1092961
                                  22046     1809     3057     2313     1851     1471      432      190       22        1 |     33192
                                  26653     2837     4879     4229     3719     3031      826      283       30        1 |     46488
                                  17285     2178     4401     4329     4275     3527      968      289       37        1 |     37290
                       MNWC_2h    12190     1859     4348     5496     6612     6247     1667      526       69        3 |     39017
                                   7989     1215     3115     4403     8123    13596     5004     1537      181        6 |     45169
                                   2309      294      613      912     1772     5114     4917     2375      270       13 |     18589
                                   1016       76      164      175      374      958     1725     2526      612       47 |      7673
                                    171       10       28       25       63      111      161      464      283       51 |      1367
                                     31        4        4        7        8       14       10       31       28       14 |       151

                    SUM         1114583    25954    40495    33641    35757    41416    18861     9450     1596      144 |   1321897
                                                       OBSERVATION
                                1028175    15886    20091    11774     9198     7585     3190     1273       74        4 |   1097250
                                  21838     1810     3062     2332     1768     1470      414      170       16        3 |     32883
                                  26101     2759     4912     4377     3669     2917      785      267       16        1 |     45804
                                  16321     2201     4384     4332     4413     3547      946      291       23        6 |     36464
                       MNWC_3h    11273     1781     4269     5388     6541     6428     1644      545       51        4 |     37924
                                   7321     1092     3011     4354     8132    13357     5065     1456      157        8 |     43953
                                   2358      336      566      860     1614     4990     4899     2384      307        9 |     18323
                                   1000       76      166      180      367      967     1715     2575      609       49 |      7704
                                    160       11       30       39       49      144      187      446      315       50 |      1431
                                     36        2        4        5        6       11       16       43       28       10 |       161

                    SUM         1114583    25954    40495    33641    35757    41416    18861     9450     1596      144 |   1321897

